world: c756f80c-a41b-4108-bd6c-8fb89630855c
world-name: world
x: 40.18774803512811
y: 67.0
z: -13.958814336031734
yaw: -19.660400390625
pitch: 34.349910736083984
name: home
lastowner: 113c0737-124c-37a0-80ef-b025cdc12370
